PrDM,T090C,T190C,C0S/m,C1S/m,Sbeox0V,DepSM,Dz/dtM,Sal00,Sal11,Sbeox0ML/L,Density00,Density11,SvCM,SvCM1,Flag
2.000,12.0265,11.9816,3.812668,3.808656,2.4657,1.984,0.524,33.1537,33.1548,5.8939,1025.1594,1025.1686,1494.74,1494.59,0.0000e+00
3.000,11.7957,11.8993,3.791999,3.803385,2.4434,2.977,0.528,33.1580,33.1765,5.8482,1025.2102,1025.2054,1493.97,1494.35,0.0000e+00
4.000,10.8614,10.9830,3.712517,3.726674,2.3867,3.969,0.489,33.2158,33.2462,5.8093,1025.4291,1025.4312,1490.80,1491.26,0.0000e+00
5.000,10.6613,10.6170,3.695875,3.691541,2.3359,4.961,0.711,33.2310,33.2280,5.5534,1025.4804,1025.4857,1490.13,1489.96,0.0000e+00
6.000,10.3858,10.3928,3.672618,3.673795,2.2763,5.953,0.360,33.2485,33.2539,5.4349,1025.5459,1025.5489,1489.18,1489.21,0.0000e+00
7.000,10.1426,10.1396,3.652265,3.652002,2.2374,6.945,0.438,33.2655,33.2656,5.5174,1025.6055,1025.6061,1488.35,1488.34,0.0000e+00
8.000,10.1766,10.1577,3.656217,3.653696,2.2479,7.938,0.882,33.2738,33.2657,5.5758,1025.6107,1025.6076,1488.50,1488.42,0.0000e+00
9.000,10.4377,10.4551,3.677707,3.676641,2.2482,8.930,0.980,33.2510,33.2244,5.4538,1025.5528,1025.5291,1489.42,1489.45,0.0000e+00
10.000,10.5779,10.5452,3.689587,3.685221,2.2315,9.922,0.800,33.2418,33.2279,5.2593,1025.5260,1025.5207,1489.92,1489.79,0.0000e+00
11.000,10.1071,10.1367,3.652001,3.657616,2.1805,10.914,0.471,33.2937,33.3233,5.0930,1025.6510,1025.6692,1488.32,1488.46,0.0000e+00
12.000,9.8196,9.8265,3.630214,3.631295,2.1151,11.906,0.490,33.3369,33.3414,5.0407,1025.7379,1025.7403,1487.35,1487.38,0.0000e+00
13.000,9.7608,9.7598,3.625969,3.626017,2.0935,12.898,0.968,33.3475,33.3489,5.0079,1025.7605,1025.7619,1487.17,1487.17,0.0000e+00
14.000,9.7438,9.7435,3.624989,3.624915,2.0845,13.890,1.096,33.3528,33.3523,4.9841,1025.7720,1025.7717,1487.13,1487.13,0.0000e+00
15.000,9.7224,9.7197,3.623893,3.623842,2.0744,14.883,0.872,33.3610,33.3629,4.9615,1025.7865,1025.7885,1487.08,1487.07,0.0000e+00
16.000,9.6762,9.6773,3.621058,3.621083,2.0520,15.875,0.438,33.3743,33.3736,4.8763,1025.8091,1025.8084,1486.94,1486.95,0.0000e+00
17.000,9.6189,9.6112,3.616910,3.617080,2.0207,16.867,0.675,33.3846,33.3936,4.7362,1025.8311,1025.8394,1486.76,1486.75,0.0000e+00
18.000,9.5005,9.4983,3.609740,3.609674,1.9979,17.859,0.647,33.4207,33.4221,4.6870,1025.8833,1025.8846,1486.39,1486.39,0.0000e+00
19.000,9.4674,9.4663,3.608214,3.608082,1.9772,18.851,0.617,33.4355,33.4351,4.6527,1025.9047,1025.9046,1486.31,1486.30,0.0000e+00
20.000,9.4468,9.4450,3.606950,3.606845,1.9624,19.843,0.759,33.4412,33.4418,4.6158,1025.9171,1025.9178,1486.25,1486.25,0.0000e+00
21.000,9.4232,9.4213,3.605375,3.605305,1.9481,20.835,0.610,33.4465,33.4476,4.5737,1025.9296,1025.9308,1486.19,1486.19,0.0000e+00
22.000,9.3778,9.3750,3.602089,3.602327,1.9167,21.828,0.420,33.4546,33.4597,4.4268,1025.9478,1025.9523,1486.05,1486.05,0.0000e+00
23.000,9.2776,9.2522,3.593963,3.592582,1.8816,22.820,0.743,33.4639,33.4734,4.2655,1025.9758,1025.9874,1485.71,1485.63,0.0000e+00
24.000,9.2061,9.2020,3.588706,3.588660,1.8547,23.812,0.751,33.4761,33.4794,4.1885,1026.0014,1026.0047,1485.48,1485.47,0.0000e+00
25.000,9.1263,9.1237,3.583105,3.583068,1.8260,24.804,0.558,33.4924,33.4945,4.1328,1026.0315,1026.0335,1485.22,1485.22,0.0000e+00
26.000,9.0890,9.0859,3.580743,3.580572,1.7963,25.796,0.509,33.5025,33.5037,4.0838,1026.0498,1026.0513,1485.12,1485.10,0.0000e+00
27.000,9.0664,9.0663,3.579512,3.579373,1.7774,26.788,0.643,33.5105,33.5092,4.0473,1026.0642,1026.0633,1485.06,1485.06,0.0000e+00
28.000,9.0518,9.0500,3.578656,3.578506,1.7628,27.780,0.626,33.5149,33.5150,4.0147,1026.0745,1026.0750,1485.03,1485.02,0.0000e+00
29.000,9.0170,9.0160,3.576174,3.576079,1.7475,28.772,0.444,33.5214,33.5214,3.9908,1026.0897,1026.0899,1484.92,1484.92,0.0000e+00
30.000,9.0047,9.0042,3.575377,3.575224,1.7358,29.764,0.574,33.5242,33.5231,3.9744,1026.0984,1026.0977,1484.90,1484.89,0.0000e+00
31.000,8.9988,8.9989,3.574957,3.574852,1.7289,30.756,0.634,33.5249,33.5238,3.9628,1026.1045,1026.1036,1484.89,1484.89,0.0000e+00
32.000,8.9932,8.9933,3.574643,3.574516,1.7238,31.748,0.530,33.5265,33.5251,3.9588,1026.1111,1026.1100,1484.89,1484.89,0.0000e+00
33.000,8.9918,8.9915,3.574694,3.574534,1.7199,32.740,0.616,33.5279,33.5264,3.9542,1026.1170,1026.1159,1484.90,1484.90,0.0000e+00
34.000,8.9908,8.9906,3.574733,3.574579,1.7174,33.733,0.633,33.5288,33.5274,3.9515,1026.1224,1026.1213,1484.92,1484.91,0.0000e+00
35.000,8.9884,8.9885,3.574737,3.574599,1.7155,34.725,0.545,33.5306,33.5291,3.9489,1026.1288,1026.1276,1484.93,1484.92,0.0000e+00
36.000,8.9881,8.9879,3.574882,3.574720,1.7133,35.717,0.463,33.5319,33.5304,3.9382,1026.1344,1026.1333,1484.94,1484.94,0.0000e+00
37.000,8.9831,8.9827,3.574623,3.574478,1.7084,36.709,0.460,33.5335,33.5324,3.9098,1026.1410,1026.1401,1484.94,1484.94,0.0000e+00
38.000,8.9764,8.9752,3.574382,3.574231,1.7040,37.701,0.953,33.5369,33.5364,3.8906,1026.1492,1026.1491,1484.94,1484.94,0.0000e+00
39.000,8.9671,8.9668,3.574027,3.573886,1.7007,38.693,1.034,33.5414,33.5402,3.8807,1026.1588,1026.1579,1484.93,1484.92,0.0000e+00
40.000,8.9584,8.9573,3.573782,3.573626,1.6970,39.685,0.682,33.5466,33.5461,3.8728,1026.1688,1026.1686,1484.92,1484.91,0.0000e+00
41.000,8.9446,8.9437,3.573302,3.573296,1.6768,40.677,0.617,33.5542,33.5550,3.7264,1026.1815,1026.1823,1484.89,1484.89,0.0000e+00
42.000,8.8957,8.8921,3.570663,3.570525,1.6635,41.669,1.065,33.5724,33.5743,3.6540,1026.2080,1026.2101,1484.75,1484.74,0.0000e+00
43.000,8.8714,8.8678,3.569272,3.569184,1.6500,42.661,1.077,33.5804,33.5829,3.5989,1026.2227,1026.2252,1484.69,1484.68,0.0000e+00
44.000,8.8255,8.8222,3.566885,3.566825,1.6337,43.653,0.798,33.5985,33.6009,3.5521,1026.2485,1026.2510,1484.56,1484.54,0.0000e+00
45.000,8.7777,8.7762,3.564094,3.563947,1.6066,44.645,0.385,33.6140,33.6139,3.5044,1026.2728,1026.2729,1484.41,1484.41,0.0000e+00
46.000,8.7596,8.7586,3.562886,3.562738,1.5863,45.637,0.484,33.6181,33.6174,3.4839,1026.2833,1026.2830,1484.37,1484.36,0.0000e+00
47.000,8.7448,8.7433,3.561808,3.561592,1.5736,46.629,0.458,33.6204,33.6195,3.4441,1026.2920,1026.2915,1484.33,1484.33,0.0000e+00
48.000,8.7356,8.7353,3.561185,3.561073,1.5613,47.621,0.868,33.6221,33.6212,3.3399,1026.2994,1026.2987,1484.31,1484.31,0.0000e+00
49.000,8.7208,8.7138,3.561189,3.561026,1.5439,48.613,0.912,33.6358,33.6407,3.2475,1026.3169,1026.3218,1484.29,1484.27,0.0000e+00
50.000,8.6246,8.6204,3.559200,3.559011,1.5216,49.605,0.613,33.7059,33.7079,3.1862,1026.3913,1026.3936,1484.04,1484.03,0.0000e+00
51.000,8.6121,8.6120,3.559376,3.559176,1.4942,50.597,0.438,33.7193,33.7173,3.1396,1026.4083,1026.4068,1484.03,1484.02,0.0000e+00
52.000,8.6070,8.6088,3.559941,3.559899,1.4665,51.589,0.402,33.7296,33.7275,3.0496,1026.4218,1026.4198,1484.03,1484.04,0.0000e+00
53.000,8.6117,8.6104,3.562110,3.562020,1.4417,52.581,0.855,33.7475,33.7479,2.9525,1026.4396,1026.4401,1484.09,1484.09,0.0000e+00
54.000,8.5909,8.5879,3.560562,3.560582,1.4304,53.572,1.063,33.7506,33.7537,2.9231,1026.4498,1026.4527,1484.03,1484.03,0.0000e+00
55.000,8.5686,8.5669,3.559084,3.558943,1.4198,54.565,0.963,33.7558,33.7560,2.9006,1026.4619,1026.4623,1483.97,1483.97,0.0000e+00
56.000,8.5547,8.5541,3.558266,3.558124,1.4069,55.556,0.530,33.7601,33.7592,2.8807,1026.4719,1026.4713,1483.94,1483.94,0.0000e+00
57.000,8.5442,8.5437,3.557697,3.557554,1.3848,56.548,0.455,33.7636,33.7627,2.8121,1026.4809,1026.4802,1483.92,1483.92,0.0000e+00
58.000,8.5182,8.5172,3.556521,3.556449,1.3669,57.540,0.497,33.7756,33.7758,2.7217,1026.4989,1026.4992,1483.86,1483.85,0.0000e+00
59.000,8.4762,8.4740,3.554916,3.554781,1.3391,58.532,0.535,33.7985,33.7991,2.6093,1026.5278,1026.5286,1483.75,1483.74,0.0000e+00
60.000,8.4502,8.4502,3.554490,3.554354,1.3219,59.524,0.947,33.8184,33.8170,2.5731,1026.5520,1026.5509,1483.69,1483.69,0.0000e+00
61.000,8.4501,8.4508,3.555475,3.555311,1.3124,60.516,1.080,33.8285,33.8260,2.5596,1026.5645,1026.5624,1483.72,1483.72,0.0000e+00
62.000,8.4559,8.4565,3.556745,3.556509,1.3044,61.508,0.957,33.8358,33.8328,2.5519,1026.5739,1026.5714,1483.77,1483.76,0.0000e+00
63.000,8.4578,8.4578,3.557561,3.557391,1.2940,62.500,0.572,33.8422,33.8404,2.5492,1026.5832,1026.5817,1483.80,1483.79,0.0000e+00
64.000,8.4582,8.4581,3.557850,3.557663,1.2820,63.492,0.965,33.8444,33.8426,2.5442,1026.5894,1026.5879,1483.82,1483.82,0.0000e+00
65.000,8.4589,8.4590,3.558013,3.557816,1.2810,64.484,1.196,33.8450,33.8428,2.5415,1026.5943,1026.5926,1483.84,1483.83,0.0000e+00
66.000,8.4594,8.4594,3.558139,3.557984,1.2798,65.476,1.116,33.8454,33.8437,2.5380,1026.5991,1026.5978,1483.86,1483.85,0.0000e+00
67.000,8.4597,8.4595,3.558332,3.558110,1.2783,66.468,0.711,33.8467,33.8445,2.5342,1026.6046,1026.6030,1483.87,1483.87,0.0000e+00
68.000,8.4611,8.4617,3.558753,3.558635,1.2738,67.459,0.457,33.8493,33.8474,2.5202,1026.6110,1026.6094,1483.90,1483.90,0.0000e+00
69.000,8.4626,8.4634,3.559008,3.558880,1.2715,68.451,0.790,33.8501,33.8480,2.5166,1026.6159,1026.6142,1483.92,1483.92,0.0000e+00
70.000,8.4664,8.4674,3.559529,3.559411,1.2706,69.443,0.793,33.8514,33.8493,2.5164,1026.6210,1026.6191,1483.95,1483.96,0.0000e+00
71.000,8.4676,8.4678,3.559711,3.559573,1.2699,70.435,0.702,33.8517,33.8501,2.5167,1026.6256,1026.6243,1483.98,1483.97,0.0000e+00
72.000,8.4654,8.4660,3.559553,3.559406,1.2692,71.427,0.416,33.8518,33.8496,2.5105,1026.6305,1026.6287,1483.98,1483.98,0.0000e+00
73.000,8.4578,8.4575,3.559374,3.559242,1.2635,72.419,0.548,33.8567,33.8556,2.4582,1026.6401,1026.6393,1483.98,1483.98,0.0000e+00
74.000,8.4373,8.4337,3.558249,3.558090,1.2563,73.411,0.838,33.8640,33.8658,2.4162,1026.6536,1026.6555,1483.93,1483.91,0.0000e+00
75.000,8.3827,8.3774,3.554650,3.554629,1.2491,74.403,0.882,33.8780,33.8828,2.3933,1026.6774,1026.6820,1483.76,1483.74,0.0000e+00
76.000,8.3249,8.3227,3.550703,3.550609,1.2425,75.394,0.703,33.8912,33.8924,2.3826,1026.7012,1026.7025,1483.57,1483.57,0.0000e+00
77.000,8.3001,8.3001,3.549186,3.549061,1.2314,76.386,0.449,33.8986,33.8973,2.3735,1026.7153,1026.7143,1483.50,1483.50,0.0000e+00
78.000,8.2960,8.2960,3.549268,3.549100,1.2264,77.378,0.883,33.9029,33.9011,2.3704,1026.7240,1026.7225,1483.51,1483.51,0.0000e+00
79.000,8.2957,8.2961,3.549357,3.549197,1.2254,78.370,1.079,33.9037,33.9017,2.3701,1026.7291,1026.7275,1483.53,1483.53,0.0000e+00
80.000,8.2933,8.2925,3.549388,3.549211,1.2243,79.362,1.069,33.9059,33.9048,2.3685,1026.7358,1026.7350,1483.54,1483.53,0.0000e+00
81.000,8.2896,8.2891,3.549296,3.549108,1.2232,80.354,0.766,33.9080,33.9064,2.3680,1026.7425,1026.7414,1483.54,1483.54,0.0000e+00
82.000,8.2888,8.2883,3.549330,3.549139,1.2188,81.345,0.805,33.9086,33.9071,2.3300,1026.7477,1026.7466,1483.56,1483.55,0.0000e+00
83.000,8.2857,8.2854,3.549274,3.549091,1.2144,82.337,1.349,33.9105,33.9089,2.2973,1026.7543,1026.7530,1483.56,1483.56,0.0000e+00
84.000,8.2830,8.2824,3.549303,3.549138,1.2107,83.329,1.456,33.9130,33.9118,2.2797,1026.7611,1026.7603,1483.57,1483.57,0.0000e+00
85.000,8.2702,8.2692,3.549399,3.549214,1.2069,84.321,1.292,33.9259,33.9249,2.2693,1026.7777,1026.7772,1483.56,1483.55,0.0000e+00
86.000,8.2650,8.2634,3.549421,3.549236,1.2005,85.313,0.725,33.9307,33.9303,2.2608,1026.7869,1026.7868,1483.56,1483.55,0.0000e+00
87.000,8.2618,8.2612,3.549421,3.549246,1.1901,86.304,0.820,33.9333,33.9321,2.2259,1026.7940,1026.7931,1483.57,1483.56,0.0000e+00
88.000,8.2477,8.2467,3.548690,3.548619,1.1852,87.296,0.849,33.9387,33.9389,2.1956,1026.8049,1026.8052,1483.54,1483.54,0.0000e+00
89.000,8.2299,8.2295,3.547945,3.547792,1.1783,88.288,0.814,33.9474,33.9463,2.1577,1026.8190,1026.8182,1483.50,1483.50,0.0000e+00
90.000,8.2268,8.2270,3.548161,3.547956,1.1693,89.280,0.752,33.9523,33.9499,2.1142,1026.8279,1026.8260,1483.51,1483.51,0.0000e+00
91.000,8.2331,8.2336,3.549788,3.549521,1.1560,90.272,0.422,33.9631,33.9598,2.0687,1026.8399,1026.8373,1483.56,1483.56,0.0000e+00
92.000,8.2333,8.2330,3.550355,3.550188,1.1350,91.263,0.430,33.9684,33.9669,2.0493,1026.8487,1026.8476,1483.59,1483.58,0.0000e+00
93.000,8.2174,8.2155,3.549165,3.549036,1.1320,92.255,0.776,33.9706,33.9711,2.0700,1026.8574,1026.8580,1483.55,1483.54,0.0000e+00
94.000,8.1862,8.1789,3.546457,3.545933,1.1328,93.247,1.002,33.9716,33.9730,2.0859,1026.8674,1026.8696,1483.45,1483.42,0.0000e+00
95.000,8.1707,8.1698,3.544966,3.544789,1.1334,94.239,1.087,33.9702,33.9692,2.0921,1026.8733,1026.8726,1483.40,1483.40,0.0000e+00
96.000,8.1645,8.1639,3.544368,3.544178,1.1345,95.230,0.991,33.9693,33.9679,2.0964,1026.8781,1026.8770,1483.39,1483.39,0.0000e+00
97.000,8.1621,8.1621,3.544198,3.544003,1.1357,96.222,0.622,33.9693,33.9672,2.0976,1026.8830,1026.8814,1483.40,1483.40,0.0000e+00
98.000,8.1592,8.1599,3.543994,3.543892,1.1369,97.214,0.924,33.9695,33.9677,2.0952,1026.8881,1026.8866,1483.41,1483.41,0.0000e+00
99.000,8.1539,8.1536,3.543589,3.543450,1.1368,98.206,0.864,33.9699,33.9687,2.0931,1026.8938,1026.8929,1483.40,1483.40,0.0000e+00
100.000,8.1517,8.1519,3.543492,3.543316,1.1363,99.197,0.751,33.9705,33.9684,2.0896,1026.8992,1026.8975,1483.41,1483.41,0.0000e+00
101.000,8.1513,8.1515,3.543547,3.543357,1.1355,100.189,0.524,33.9710,33.9688,2.0883,1026.9041,1026.9024,1483.43,1483.43,0.0000e+00
102.000,8.1528,8.1529,3.543710,3.543513,1.1341,101.181,0.440,33.9708,33.9686,2.0683,1026.9084,1026.9066,1483.45,1483.45,0.0000e+00
103.000,8.1538,8.1541,3.544037,3.543854,1.1302,102.173,0.942,33.9728,33.9706,2.0261,1026.9143,1026.9126,1483.47,1483.47,0.0000e+00
104.000,8.1585,8.1591,3.544856,3.544563,1.1253,103.164,1.266,33.9765,33.9728,1.9920,1026.9211,1026.9181,1483.51,1483.51,0.0000e+00
105.000,8.1618,8.1621,3.545510,3.545258,1.1208,104.156,1.481,33.9798,33.9768,1.9706,1026.9278,1026.9254,1483.55,1483.54,0.0000e+00
106.000,8.1624,8.1619,3.545966,3.545769,1.1158,105.148,1.597,33.9837,33.9821,1.9545,1026.9352,1026.9340,1483.57,1483.56,0.0000e+00
107.000,8.1570,8.1560,3.545885,3.545735,1.1120,106.139,1.628,33.9876,33.9870,1.9475,1026.9437,1026.9434,1483.57,1483.57,0.0000e+00
108.000,8.1423,8.1405,3.544852,3.544777,1.1087,107.131,1.570,33.9903,33.9912,1.9458,1026.9526,1026.9536,1483.53,1483.53,0.0000e+00
109.000,8.1328,8.1325,3.544224,3.544059,1.1056,108.123,1.423,33.9923,33.9908,1.9460,1026.9602,1026.9591,1483.52,1483.51,0.0000e+00
110.000,8.1231,8.1218,3.543411,3.543341,1.1032,109.114,1.226,33.9926,33.9931,1.9462,1026.9664,1026.9671,1483.50,1483.49,0.0000e+00
111.000,8.1092,8.1078,3.542227,3.541992,1.1004,110.106,1.020,33.9930,33.9918,1.9491,1026.9734,1026.9727,1483.46,1483.45,0.0000e+00
112.000,8.1068,8.1077,3.542107,3.541962,1.0977,111.098,0.936,33.9936,33.9911,1.9645,1026.9788,1026.9767,1483.47,1483.47,0.0000e+00
113.000,8.0887,8.0885,3.540667,3.540730,1.0990,112.089,1.035,33.9953,33.9961,1.9956,1026.9874,1026.9881,1483.42,1483.42,0.0000e+00
114.000,8.0710,8.0708,3.538962,3.539116,1.1028,113.081,1.222,33.9937,33.9956,2.0156,1026.9934,1026.9949,1483.37,1483.37,0.0000e+00
115.000,8.0146,8.0059,3.533101,3.533434,1.1047,114.073,1.393,33.9854,33.9974,2.0140,1026.9999,1027.0107,1483.16,1483.14,0.0000e+00
116.000,7.9813,7.9818,3.530390,3.530191,1.1051,115.064,1.504,33.9881,33.9856,2.0021,1027.0117,1027.0096,1483.05,1483.05,0.0000e+00
117.000,7.9887,7.9905,3.531415,3.531169,1.1043,116.056,1.548,33.9915,33.9871,1.9902,1027.0178,1027.0140,1483.10,1483.10,0.0000e+00
118.000,7.9955,7.9959,3.532329,3.532101,1.1033,117.048,1.482,33.9941,33.9914,1.9884,1027.0234,1027.0212,1483.15,1483.15,0.0000e+00
119.000,7.9951,7.9950,3.532442,3.532272,1.1024,118.039,1.261,33.9953,33.9935,1.9998,1027.0290,1027.0276,1483.16,1483.16,0.0000e+00
120.000,7.9883,7.9863,3.531865,3.531702,1.1044,119.031,0.877,33.9953,33.9954,2.0340,1027.0345,1027.0349,1483.16,1483.15,0.0000e+00
121.000,7.9178,7.9104,3.524824,3.524621,1.1122,120.023,0.640,33.9879,33.9929,2.0860,1027.0438,1027.0488,1482.90,1482.87,0.0000e+00
122.000,7.8786,7.8783,3.520994,3.520828,1.1189,121.014,0.997,33.9844,33.9829,2.0988,1027.0515,1027.0504,1482.76,1482.76,0.0000e+00
123.000,7.8744,7.8747,3.520678,3.520578,1.1217,122.006,1.321,33.9846,33.9833,2.0918,1027.0569,1027.0558,1482.76,1482.76,0.0000e+00
124.000,7.8681,7.8652,3.520152,3.519932,1.1230,122.998,1.480,33.9846,33.9851,2.0809,1027.0624,1027.0632,1482.75,1482.74,0.0000e+00
125.000,7.8538,7.8512,3.518984,3.518854,1.1230,123.989,1.492,33.9855,33.9867,2.0694,1027.0698,1027.0711,1482.72,1482.71,0.0000e+00
126.000,7.8416,7.8422,3.518509,3.518287,1.1221,124.981,1.301,33.9919,33.9889,2.0586,1027.0812,1027.0787,1482.69,1482.69,0.0000e+00
127.000,7.8468,7.8467,3.519316,3.519082,1.1208,125.972,0.745,33.9950,33.9926,2.0504,1027.0874,1027.0855,1482.73,1482.73,0.0000e+00
128.000,7.8424,7.8420,3.519036,3.518882,1.1178,126.964,0.619,33.9958,33.9945,2.0382,1027.0933,1027.0923,1482.73,1482.73,0.0000e+00
129.000,7.8378,7.8380,3.518760,3.518587,1.1157,127.956,1.137,33.9968,33.9948,2.0279,1027.0993,1027.0976,1482.73,1482.73,0.0000e+00
130.000,7.8406,7.8406,3.519203,3.518957,1.1144,128.947,1.361,33.9984,33.9957,2.0219,1027.1047,1027.1026,1482.76,1482.76,0.0000e+00
131.000,7.8379,7.8376,3.518973,3.518814,1.1134,129.939,1.433,33.9981,33.9966,2.0188,1027.1094,1027.1083,1482.77,1482.77,0.0000e+00
132.000,7.8375,7.8377,3.519076,3.518875,1.1119,130.930,1.420,33.9990,33.9968,2.0142,1027.1148,1027.1130,1482.79,1482.78,0.0000e+00
133.000,7.8379,7.8380,3.519188,3.519002,1.1105,131.922,1.379,33.9994,33.9973,2.0100,1027.1196,1027.1179,1482.80,1482.80,0.0000e+00
134.000,7.8376,7.8373,3.519227,3.519021,1.1096,132.913,1.331,33.9996,33.9977,2.0065,1027.1243,1027.1229,1482.82,1482.82,0.0000e+00
135.000,7.8361,7.8357,3.519149,3.518954,1.1081,133.905,1.236,33.9998,33.9981,1.9993,1027.1293,1027.1279,1482.83,1482.83,0.0000e+00
136.000,7.8318,7.8317,3.518811,3.518646,1.1064,134.897,1.128,33.9998,33.9982,1.9885,1027.1345,1027.1333,1482.83,1482.83,0.0000e+00
137.000,7.8290,7.8284,3.518648,3.518475,1.1038,135.888,1.080,34.0003,33.9991,1.9734,1027.1399,1027.1390,1482.84,1482.83,0.0000e+00
138.000,7.8192,7.8182,3.517965,3.517804,1.1007,136.880,1.043,34.0021,34.0013,1.9581,1027.1473,1027.1468,1482.82,1482.81,0.0000e+00
139.000,7.8083,7.8075,3.517165,3.517021,1.0969,137.871,0.975,34.0036,34.0028,1.9445,1027.1546,1027.1541,1482.79,1482.79,0.0000e+00
140.000,7.7983,7.7980,3.516491,3.516308,1.0932,138.863,0.926,34.0056,34.0040,1.9326,1027.1623,1027.1611,1482.78,1482.77,0.0000e+00
141.000,7.7956,7.7957,3.516384,3.516230,1.0893,139.854,0.994,34.0067,34.0049,1.9201,1027.1681,1027.1667,1482.78,1482.78,0.0000e+00
142.000,7.7738,7.7724,3.514656,3.514703,1.0863,140.846,1.132,34.0088,34.0107,1.9089,1027.1776,1027.1793,1482.72,1482.72,0.0000e+00
143.000,7.7578,7.7566,3.513326,3.513263,1.0831,141.837,1.254,34.0097,34.0101,1.8981,1027.1852,1027.1857,1482.68,1482.67,0.0000e+00
144.000,7.7249,7.7210,3.510481,3.510553,1.0799,142.829,1.296,34.0106,34.0152,1.8893,1027.1953,1027.1995,1482.57,1482.56,0.0000e+00
145.000,7.6962,7.6951,3.508203,3.508080,1.0771,143.820,1.268,34.0136,34.0133,1.8843,1027.2065,1027.2065,1482.48,1482.47,0.0000e+00
146.000,7.6888,7.6876,3.507616,3.507474,1.0746,144.812,1.194,34.0140,34.0137,1.8799,1027.2125,1027.2124,1482.47,1482.46,0.0000e+00
147.000,7.6792,7.6788,3.506814,3.506643,1.0719,145.803,1.058,34.0143,34.0128,1.8759,1027.2187,1027.2175,1482.45,1482.45,0.0000e+00
148.000,7.6736,7.6734,3.506431,3.506262,1.0693,146.795,0.904,34.0151,34.0135,1.8716,1027.2247,1027.2235,1482.44,1482.44,0.0000e+00
149.000,7.6706,7.6706,3.506311,3.506136,1.0669,147.787,0.777,34.0163,34.0144,1.8690,1027.2307,1027.2291,1482.45,1482.45,0.0000e+00
150.000,7.6605,7.6615,3.505459,3.505504,1.0645,148.778,0.688,34.0165,34.0160,1.8667,1027.2369,1027.2363,1482.43,1482.43,0.0000e+00
151.000,7.6522,7.6523,3.504708,3.504600,1.0628,149.769,0.737,34.0160,34.0147,1.8624,1027.2422,1027.2412,1482.41,1482.41,0.0000e+00
152.000,7.6438,7.6430,3.503939,3.503739,1.0611,150.761,1.029,34.0154,34.0141,1.8505,1027.2476,1027.2467,1482.40,1482.39,0.0000e+00
153.000,7.6382,7.6382,3.503497,3.503310,1.0591,151.752,1.310,34.0156,34.0136,1.8353,1027.2532,1027.2516,1482.39,1482.39,0.0000e+00
154.000,7.6419,7.6423,3.504041,3.503760,1.0572,152.744,1.453,34.0174,34.0140,1.8208,1027.2586,1027.2558,1482.42,1482.42,0.0000e+00
155.000,7.6426,7.6422,3.504291,3.504124,1.0548,153.735,1.430,34.0190,34.0175,1.8066,1027.2643,1027.2632,1482.45,1482.44,0.0000e+00
156.000,7.6423,7.6434,3.504625,3.504411,1.0513,154.727,1.191,34.0224,34.0190,1.7918,1027.2716,1027.2687,1482.46,1482.47,0.0000e+00
157.000,7.6501,7.6503,3.505915,3.505701,1.0462,155.718,0.640,34.0282,34.0257,1.7789,1027.2795,1027.2775,1482.52,1482.52,0.0000e+00
158.000,7.6491,7.6488,3.506047,3.505878,1.0394,156.710,0.603,34.0302,34.0286,1.7629,1027.2858,1027.2846,1482.53,1482.53,0.0000e+00
159.000,7.6381,7.6371,3.505098,3.504924,1.0358,157.701,1.180,34.0302,34.0292,1.7463,1027.2920,1027.2914,1482.51,1482.50,0.0000e+00
160.000,7.6328,7.6326,3.504684,3.504530,1.0333,158.693,1.370,34.0303,34.0289,1.7339,1027.2975,1027.2964,1482.50,1482.50,0.0000e+00
161.000,7.6237,7.6224,3.503917,3.503800,1.0304,159.684,1.336,34.0306,34.0305,1.7207,1027.3036,1027.3037,1482.49,1482.48,0.0000e+00
162.000,7.6177,7.6176,3.503520,3.503339,1.0271,160.676,1.182,34.0316,34.0297,1.7051,1027.3098,1027.3084,1482.48,1482.48,0.0000e+00
163.000,7.6116,7.6117,3.503090,3.502975,1.0226,161.667,1.049,34.0325,34.0311,1.6890,1027.3160,1027.3149,1482.48,1482.47,0.0000e+00
164.000,7.6014,7.6010,3.502398,3.502253,1.0178,162.658,1.007,34.0345,34.0333,1.6766,1027.3236,1027.3228,1482.45,1482.45,0.0000e+00
165.000,7.5978,7.5981,3.502189,3.502021,1.0141,163.650,1.033,34.0352,34.0332,1.6695,1027.3293,1027.3277,1482.46,1482.46,0.0000e+00
166.000,7.5978,7.5982,3.502252,3.502070,1.0106,164.641,1.062,34.0355,34.0331,1.6621,1027.3340,1027.3321,1482.48,1482.47,0.0000e+00
167.000,7.5994,7.5993,3.502516,3.502280,1.0074,165.633,1.073,34.0363,34.0338,1.6540,1027.3390,1027.3371,1482.50,1482.50,0.0000e+00
168.000,7.6048,7.6051,3.503202,3.502925,1.0046,166.624,1.008,34.0380,34.0346,1.6492,1027.3441,1027.3414,1482.54,1482.54,0.0000e+00
169.000,7.6069,7.6069,3.503447,3.503271,1.0017,167.616,0.911,34.0380,34.0361,1.6457,1027.3484,1027.3469,1482.56,1482.56,0.0000e+00
170.000,7.6088,7.6100,3.503717,3.503555,0.9997,168.607,0.945,34.0386,34.0357,1.6452,1027.3532,1027.3507,1482.59,1482.59,0.0000e+00
171.000,7.6090,7.6080,3.503773,3.503572,0.9983,169.598,1.088,34.0385,34.0374,1.6430,1027.3576,1027.3568,1482.60,1482.60,0.0000e+00
172.000,7.6087,7.6117,3.503835,3.503824,0.9970,170.590,1.185,34.0391,34.0360,1.6382,1027.3626,1027.3598,1482.62,1482.63,0.0000e+00
173.000,7.6109,7.6116,3.504093,3.503999,0.9957,171.581,1.156,34.0392,34.0375,1.6327,1027.3670,1027.3655,1482.65,1482.64,0.0000e+00
174.000,7.6101,7.6100,3.504120,3.503924,0.9939,172.572,1.055,34.0398,34.0378,1.6263,1027.3722,1027.3706,1482.66,1482.66,0.0000e+00
175.000,7.6098,7.6100,3.504174,3.503982,0.9923,173.564,0.993,34.0402,34.0379,1.6198,1027.3770,1027.3752,1482.68,1482.67,0.0000e+00
176.000,7.6110,7.6113,3.504407,3.504208,0.9907,174.555,1.084,34.0410,34.0386,1.6118,1027.3821,1027.3801,1482.70,1482.70,0.0000e+00
177.000,7.6105,7.6108,3.504524,3.504349,0.9887,175.547,1.231,34.0423,34.0401,1.6015,1027.3878,1027.3860,1482.71,1482.71,0.0000e+00
178.000,7.6084,7.6082,3.504410,3.504253,0.9868,176.538,1.287,34.0426,34.0411,1.5935,1027.3929,1027.3917,1482.72,1482.72,0.0000e+00
179.000,7.5998,7.5993,3.503768,3.503692,0.9848,177.529,1.221,34.0436,34.0433,1.5874,1027.3995,1027.3993,1482.71,1482.70,0.0000e+00
180.000,7.5910,7.5911,3.503104,3.502940,0.9826,178.521,1.001,34.0446,34.0427,1.5805,1027.4061,1027.4046,1482.69,1482.69,0.0000e+00
181.000,7.5894,7.5897,3.503046,3.502873,0.9799,179.512,0.727,34.0450,34.0429,1.5687,1027.4113,1027.4095,1482.70,1482.70,0.0000e+00
182.000,7.5790,7.5789,3.502195,3.502123,0.9757,180.503,0.782,34.0455,34.0449,1.5496,1027.4177,1027.4173,1482.68,1482.68,0.0000e+00
183.000,7.5716,7.5716,3.501642,3.501406,0.9723,181.495,1.040,34.0464,34.0438,1.5356,1027.4241,1027.4220,1482.67,1482.67,0.0000e+00
184.000,7.5717,7.5716,3.501817,3.501664,0.9691,182.486,1.211,34.0477,34.0461,1.5238,1027.4296,1027.4284,1482.69,1482.69,0.0000e+00
185.000,7.5654,7.5657,3.501424,3.501268,0.9666,183.477,1.281,34.0491,34.0471,1.5174,1027.4362,1027.4346,1482.68,1482.68,0.0000e+00
186.000,7.5641,7.5642,3.501479,3.501289,0.9641,184.469,1.278,34.0504,34.0483,1.5124,1027.4420,1027.4404,1482.69,1482.69,0.0000e+00
187.000,7.5635,7.5637,3.501558,3.501349,0.9620,185.460,1.209,34.0515,34.0490,1.5089,1027.4475,1027.4455,1482.71,1482.71,0.0000e+00
188.000,7.5590,7.5589,3.501272,3.501149,0.9600,186.451,1.099,34.0522,34.0511,1.5066,1027.4533,1027.4524,1482.71,1482.71,0.0000e+00
189.000,7.5536,7.5541,3.500910,3.500769,0.9580,187.443,0.971,34.0531,34.0512,1.5042,1027.4594,1027.4578,1482.71,1482.71,0.0000e+00
190.000,7.5514,7.5516,3.500764,3.500580,0.9562,188.434,0.813,34.0532,34.0511,1.5021,1027.4643,1027.4626,1482.72,1482.71,0.0000e+00
191.000,7.5493,7.5493,3.500616,3.500447,0.9543,189.425,0.802,34.0532,34.0514,1.5001,1027.4692,1027.4678,1482.72,1482.72,0.0000e+00
192.000,7.5474,7.5474,3.500505,3.500274,0.9532,190.416,0.982,34.0534,34.0509,1.5002,1027.4742,1027.4722,1482.73,1482.73,0.0000e+00
193.000,7.5476,7.5479,3.500582,3.500406,0.9524,191.408,1.160,34.0536,34.0514,1.5000,1027.4789,1027.4771,1482.75,1482.75,0.0000e+00
194.000,7.5476,7.5478,3.500648,3.500447,0.9519,192.399,1.217,34.0538,34.0514,1.4988,1027.4836,1027.4817,1482.77,1482.76,0.0000e+00
195.000,7.5476,7.5478,3.500690,3.500516,0.9516,193.390,1.129,34.0537,34.0517,1.4976,1027.4881,1027.4865,1482.78,1482.78,0.0000e+00
196.000,7.5451,7.5442,3.500508,3.500260,0.9508,194.382,0.949,34.0538,34.0520,1.4930,1027.4931,1027.4918,1482.79,1482.78,0.0000e+00
197.000,7.5414,7.5404,3.500253,3.499987,0.9496,195.373,0.856,34.0541,34.0523,1.4875,1027.4985,1027.4972,1482.79,1482.79,0.0000e+00
198.000,7.5377,7.5379,3.499978,3.499790,0.9484,196.364,1.007,34.0543,34.0521,1.4838,1027.5037,1027.5020,1482.80,1482.79,0.0000e+00
199.000,7.5374,7.5376,3.499999,3.499805,0.9475,197.355,1.166,34.0544,34.0521,1.4811,1027.5084,1027.5066,1482.81,1482.81,0.0000e+00
200.000,7.5368,7.5374,3.499988,3.499854,0.9470,198.347,1.235,34.0544,34.0523,1.4794,1027.5130,1027.5113,1482.82,1482.82,0.0000e+00
201.000,7.5341,7.5348,3.499774,3.499670,0.9461,199.338,1.184,34.0542,34.0524,1.4756,1027.5178,1027.5163,1482.83,1482.83,0.0000e+00
202.000,7.5329,7.5330,3.499711,3.499543,0.9450,200.329,1.012,34.0542,34.0523,1.4673,1027.5226,1027.5211,1482.84,1482.84,0.0000e+00
203.000,7.5300,7.5304,3.499485,3.499347,0.9434,201.320,0.926,34.0542,34.0523,1.4540,1027.5276,1027.5260,1482.85,1482.85,0.0000e+00
204.000,7.5249,7.5245,3.499105,3.498948,0.9406,202.312,0.971,34.0546,34.0533,1.4376,1027.5332,1027.5322,1482.85,1482.84,0.0000e+00
205.000,7.5106,7.5094,3.498018,3.497861,0.9376,203.303,0.953,34.0563,34.0558,1.4266,1027.5412,1027.5410,1482.81,1482.80,0.0000e+00
206.000,7.4978,7.4981,3.497093,3.496972,0.9346,204.294,0.862,34.0584,34.0567,1.4196,1027.5493,1027.5479,1482.78,1482.78,0.0000e+00
207.000,7.4965,7.4966,3.497055,3.496852,0.9319,205.285,0.991,34.0588,34.0565,1.4157,1027.5543,1027.5525,1482.79,1482.79,0.0000e+00
208.000,7.4957,7.4956,3.497044,3.496839,0.9300,206.277,1.293,34.0589,34.0567,1.4132,1027.5591,1027.5574,1482.80,1482.80,0.0000e+00
209.000,7.4954,7.4947,3.497069,3.496831,0.9292,207.268,1.510,34.0590,34.0571,1.4136,1027.5638,1027.5624,1482.82,1482.82,0.0000e+00
210.000,7.4925,7.4912,3.496835,3.496611,0.9282,208.259,1.592,34.0588,34.0577,1.4130,1027.5687,1027.5680,1482.82,1482.82,0.0000e+00
211.000,7.4859,7.4845,3.496294,3.496075,0.9274,209.250,1.490,34.0590,34.0579,1.4114,1027.5743,1027.5737,1482.81,1482.81,0.0000e+00
212.000,7.4810,7.4803,3.495895,3.495703,0.9267,210.241,1.099,34.0590,34.0576,1.4109,1027.5796,1027.5786,1482.81,1482.81,0.0000e+00
213.000,7.4757,7.4759,3.495406,3.495222,0.9251,211.233,0.482,34.0584,34.0562,1.4095,1027.5845,1027.5827,1482.81,1482.81,0.0000e+00
214.000,7.4752,7.4754,3.495423,3.495235,0.9237,212.224,0.876,34.0586,34.0564,1.4068,1027.5893,1027.5875,1482.82,1482.82,0.0000e+00
215.000,7.4745,7.4746,3.495425,3.495228,0.9229,213.215,1.295,34.0588,34.0566,1.4034,1027.5941,1027.5924,1482.84,1482.84,0.0000e+00
216.000,7.4744,7.4746,3.495481,3.495279,0.9227,214.206,1.508,34.0590,34.0566,1.4006,1027.5988,1027.5970,1482.85,1482.85,0.0000e+00
217.000,7.4728,7.4723,3.495394,3.495209,0.9222,215.197,1.603,34.0591,34.0577,1.3979,1027.6038,1027.6026,1482.86,1482.86,0.0000e+00
218.000,7.4681,7.4676,3.495053,3.494883,0.9212,216.189,1.619,34.0596,34.0583,1.3917,1027.6094,1027.6084,1482.86,1482.86,0.0000e+00
219.000,7.4642,7.4639,3.494770,3.494587,0.9204,217.180,1.594,34.0599,34.0582,1.3868,1027.6147,1027.6134,1482.86,1482.86,0.0000e+00
220.000,7.4617,7.4617,3.494607,3.494428,0.9199,218.171,1.553,34.0600,34.0581,1.3845,1027.6198,1027.6183,1482.87,1482.87,0.0000e+00
221.000,7.4557,7.4537,3.494087,3.493969,0.9182,219.162,1.456,34.0599,34.0605,1.3791,1027.6251,1027.6259,1482.87,1482.86,0.0000e+00
222.000,7.4362,7.4360,3.492477,3.492438,0.9176,220.153,1.204,34.0610,34.0608,1.3784,1027.6334,1027.6333,1482.81,1482.81,0.0000e+00
223.000,7.4283,7.4237,3.491842,3.491269,0.9153,221.144,0.618,34.0614,34.0597,1.3750,1027.6394,1027.6388,1482.80,1482.78,0.0000e+00
224.000,7.4174,7.4163,3.490933,3.490639,0.9128,222.135,0.963,34.0618,34.0596,1.3719,1027.6460,1027.6444,1482.77,1482.76,0.0000e+00
225.000,7.4158,7.4146,3.490817,3.490557,0.9125,223.127,1.514,34.0616,34.0599,1.3705,1027.6506,1027.6494,1482.78,1482.78,0.0000e+00
226.000,7.4138,7.4138,3.490706,3.490469,0.9121,224.118,1.742,34.0618,34.0593,1.3683,1027.6556,1027.6536,1482.79,1482.79,0.0000e+00
227.000,7.4138,7.4135,3.490699,3.490532,0.9116,225.109,1.828,34.0614,34.0598,1.3661,1027.6598,1027.6586,1482.81,1482.80,0.0000e+00
228.000,7.4107,7.4102,3.490499,3.490258,0.9112,226.100,1.862,34.0617,34.0596,1.3646,1027.6651,1027.6635,1482.81,1482.81,0.0000e+00
229.000,7.4104,7.4104,3.490490,3.490382,0.9105,227.091,1.901,34.0615,34.0603,1.3624,1027.6695,1027.6686,1482.83,1482.82,0.0000e+00
230.000,7.4036,7.4050,3.490006,3.489917,0.9101,228.082,1.924,34.0624,34.0601,1.3621,1027.6758,1027.6738,1482.82,1482.82,0.0000e+00
231.000,7.4067,7.4071,3.490375,3.490118,0.9096,229.073,1.806,34.0628,34.0597,1.3614,1027.6802,1027.6777,1482.85,1482.84,0.0000e+00
232.000,7.4056,7.4053,3.490279,3.490058,0.9093,230.064,1.382,34.0624,34.0603,1.3621,1027.6846,1027.6831,1482.86,1482.85,0.0000e+00
233.000,7.4039,7.4034,3.490177,3.489909,0.9087,231.055,0.580,34.0625,34.0601,1.3630,1027.6895,1027.6877,1482.87,1482.86,0.0000e+00
234.000,7.4000,7.3991,3.489832,3.489564,0.9080,232.046,0.862,34.0621,34.0600,1.3615,1027.6943,1027.6928,1482.87,1482.86,0.0000e+00
235.000,7.3987,7.3988,3.489769,3.489587,0.9076,233.038,1.419,34.0622,34.0601,1.3584,1027.6992,1027.6975,1482.88,1482.88,0.0000e+00
236.000,7.3984,7.3984,3.489809,3.489592,0.9072,234.029,1.663,34.0624,34.0601,1.3565,1027.7039,1027.7021,1482.90,1482.89,0.0000e+00
237.000,7.3966,7.3971,3.489654,3.489495,0.9068,235.020,1.777,34.0621,34.0598,1.3552,1027.7085,1027.7066,1482.90,1482.90,0.0000e+00
238.000,7.3958,7.3966,3.489635,3.489557,0.9067,236.011,1.820,34.0622,34.0605,1.3552,1027.7133,1027.7118,1482.92,1482.92,0.0000e+00
239.000,7.3943,7.3949,3.489549,3.489423,0.9062,237.002,1.808,34.0622,34.0602,1.3540,1027.7181,1027.7164,1482.93,1482.93,0.0000e+00
240.000,7.3926,7.3924,3.489464,3.489217,0.9061,237.993,1.685,34.0625,34.0600,1.3533,1027.7231,1027.7212,1482.94,1482.94,0.0000e+00
241.000,7.3933,7.3936,3.489565,3.489372,0.9057,238.984,1.394,34.0624,34.0600,1.3514,1027.7275,1027.7256,1482.96,1482.96,0.0000e+00
242.000,7.3942,7.3947,3.489696,3.489506,0.9051,239.975,1.006,34.0625,34.0599,1.3491,1027.7320,1027.7299,1482.98,1482.98,0.0000e+00
243.000,7.3853,7.3849,3.488984,3.488816,0.9043,240.966,0.738,34.0630,34.0615,1.3457,1027.7382,1027.7372,1482.96,1482.96,0.0000e+00
244.000,7.3851,7.3858,3.489022,3.488835,0.9032,241.957,0.681,34.0631,34.0604,1.3385,1027.7429,1027.7407,1482.98,1482.98,0.0000e+00
245.000,7.3817,7.3798,3.488812,3.488571,0.9014,242.948,0.649,34.0637,34.0630,1.3264,1027.7484,1027.7482,1482.98,1482.97,0.0000e+00
246.000,7.3672,7.3688,3.487739,3.487636,0.8988,243.939,0.828,34.0658,34.0631,1.3184,1027.7567,1027.7545,1482.94,1482.95,0.0000e+00
247.000,7.3656,7.3658,3.487669,3.487506,0.8977,244.930,1.226,34.0662,34.0642,1.3173,1027.7619,1027.7603,1482.96,1482.95,0.0000e+00
248.000,7.3658,7.3661,3.487743,3.487522,0.8971,245.921,1.523,34.0662,34.0636,1.3169,1027.7664,1027.7643,1482.97,1482.97,0.0000e+00
249.000,7.3663,7.3665,3.487826,3.487635,0.8960,246.912,1.694,34.0662,34.0639,1.3136,1027.7709,1027.7691,1482.99,1482.99,0.0000e+00
250.000,7.3670,7.3669,3.487930,3.487712,0.8956,247.903,1.779,34.0662,34.0638,1.3131,1027.7753,1027.7735,1483.01,1483.01,0.0000e+00
251.000,7.3648,7.3640,3.487761,3.487552,0.8952,248.894,1.802,34.0659,34.0645,1.3127,1027.7801,1027.7791,1483.02,1483.01,0.0000e+00
252.000,7.3621,7.3622,3.487582,3.487370,0.8944,249.885,1.735,34.0662,34.0639,1.3108,1027.7852,1027.7834,1483.02,1483.02,0.0000e+00
253.000,7.3631,7.3638,3.487702,3.487539,0.8941,250.876,1.484,34.0661,34.0636,1.3101,1027.7895,1027.7875,1483.04,1483.04,0.0000e+00
254.000,7.3607,7.3602,3.487546,3.487340,0.8932,251.867,0.925,34.0662,34.0645,1.3079,1027.7946,1027.7933,1483.05,1483.05,0.0000e+00
255.000,7.3562,7.3559,3.487206,3.486956,0.8917,252.858,0.466,34.0665,34.0641,1.3047,1027.8000,1027.7981,1483.05,1483.05,0.0000e+00
256.000,7.3548,7.3549,3.487134,3.486923,0.8908,253.849,1.065,34.0666,34.0642,1.3028,1027.8049,1027.8029,1483.06,1483.06,0.0000e+00
257.000,7.3546,7.3556,3.487179,3.487033,0.8901,254.840,1.418,34.0668,34.0643,1.2997,1027.8096,1027.8075,1483.08,1483.08,0.0000e+00
258.000,7.3548,7.3554,3.487231,3.487058,0.8897,255.831,1.547,34.0667,34.0642,1.2984,1027.8140,1027.8120,1483.10,1483.10,0.0000e+00
259.000,7.3542,7.3537,3.487220,3.487012,0.8894,256.822,1.522,34.0667,34.0649,1.2983,1027.8187,1027.8174,1483.11,1483.11,0.0000e+00
260.000,7.3501,7.3501,3.486923,3.486764,0.8888,257.813,1.368,34.0670,34.0653,1.2977,1027.8240,1027.8227,1483.11,1483.11,0.0000e+00
261.000,7.3484,7.3491,3.486838,3.486656,0.8886,258.804,1.128,34.0672,34.0647,1.2979,1027.8291,1027.8269,1483.12,1483.12,0.0000e+00
262.000,7.3488,7.3492,3.486903,3.486703,0.8883,259.795,0.954,34.0671,34.0645,1.2975,1027.8335,1027.8314,1483.14,1483.14,0.0000e+00
263.000,7.3497,7.3499,3.487032,3.486812,0.8877,260.786,1.006,34.0672,34.0645,1.2957,1027.8379,1027.8358,1483.16,1483.16,0.0000e+00
264.000,7.3511,7.3509,3.487203,3.486930,0.8874,261.777,1.056,34.0671,34.0644,1.2952,1027.8423,1027.8402,1483.18,1483.18,0.0000e+00
265.000,7.3490,7.3488,3.487051,3.486843,0.8871,262.768,0.925,34.0671,34.0650,1.2949,1027.8471,1027.8455,1483.19,1483.19,0.0000e+00
266.000,7.3481,7.3489,3.487030,3.486863,0.8867,263.759,0.791,34.0673,34.0646,1.2939,1027.8519,1027.8498,1483.20,1483.20,0.0000e+00
267.000,7.3490,7.3501,3.487156,3.487026,0.8864,264.750,1.033,34.0672,34.0648,1.2923,1027.8564,1027.8543,1483.22,1483.22,0.0000e+00
268.000,7.3488,7.3497,3.487195,3.487004,0.8861,265.741,1.350,34.0674,34.0645,1.2904,1027.8610,1027.8587,1483.24,1483.24,0.0000e+00
269.000,7.3481,7.3481,3.487178,3.486997,0.8858,266.732,1.531,34.0674,34.0655,1.2885,1027.8657,1027.8642,1483.25,1483.25,0.0000e+00
270.000,7.3468,7.3469,3.487124,3.486926,0.8857,267.723,1.574,34.0676,34.0654,1.2871,1027.8707,1027.8689,1483.26,1483.26,0.0000e+00
271.000,7.3434,7.3428,3.486862,3.486716,0.8848,268.714,1.458,34.0676,34.0667,1.2827,1027.8757,1027.8751,1483.27,1483.26,0.0000e+00
272.000,7.3388,7.3389,3.486552,3.486313,0.8845,269.705,1.151,34.0683,34.0656,1.2811,1027.8815,1027.8794,1483.27,1483.26,0.0000e+00
273.000,7.3388,7.3385,3.486583,3.486372,0.8834,270.695,0.867,34.0681,34.0662,1.2758,1027.8859,1027.8844,1483.28,1483.28,0.0000e+00
274.000,7.3348,7.3371,3.486308,3.486239,0.8825,271.686,0.987,34.0686,34.0656,1.2718,1027.8914,1027.8888,1483.28,1483.29,0.0000e+00
275.000,7.3327,7.3321,3.486163,3.485976,0.8814,272.677,1.156,34.0686,34.0672,1.2670,1027.8963,1027.8953,1483.29,1483.29,0.0000e+00
276.000,7.3249,7.3286,3.485540,3.485715,0.8806,273.668,1.124,34.0690,34.0673,1.2638,1027.9023,1027.9004,1483.28,1483.29,0.0000e+00
277.000,7.3250,7.3233,3.485617,3.485310,0.8793,274.659,0.867,34.0693,34.0676,1.2560,1027.9071,1027.9060,1483.30,1483.29,0.0000e+00
278.000,7.3149,7.3151,3.484800,3.484580,0.8771,275.650,0.754,34.0699,34.0673,1.2437,1027.9136,1027.9116,1483.27,1483.27,0.0000e+00
279.000,7.3066,7.3049,3.484161,3.483975,0.8748,276.641,1.174,34.0706,34.0703,1.2327,1027.9199,1027.9199,1483.26,1483.25,0.0000e+00
280.000,7.2986,7.2975,3.483569,3.483399,0.8735,277.632,1.536,34.0715,34.0707,1.2281,1027.9264,1027.9259,1483.25,1483.24,0.0000e+00
281.000,7.2911,7.2920,3.483005,3.482877,0.8720,278.623,1.723,34.0723,34.0701,1.2221,1027.9327,1027.9308,1483.23,1483.24,0.0000e+00
282.000,7.2890,7.2912,3.482878,3.482871,0.8708,279.613,1.795,34.0725,34.0702,1.2174,1027.9377,1027.9356,1483.24,1483.25,0.0000e+00
283.000,7.2764,7.2746,3.481870,3.481698,0.8696,280.604,1.778,34.0734,34.0733,1.2124,1027.9448,1027.9450,1483.21,1483.21,0.0000e+00
284.000,7.2741,7.2743,3.481758,3.481582,0.8684,281.595,1.633,34.0740,34.0719,1.2085,1027.9502,1027.9485,1483.22,1483.22,0.0000e+00
285.000,7.2636,7.2612,3.480949,3.480779,0.8667,282.586,1.308,34.0751,34.0756,1.2035,1027.9571,1027.9579,1483.20,1483.19,0.0000e+00
286.000,7.2507,7.2507,3.479999,3.479798,0.8644,283.577,0.947,34.0769,34.0747,1.1975,1027.9649,1027.9633,1483.17,1483.16,0.0000e+00
287.000,7.2469,7.2474,3.479735,3.479562,0.8622,284.568,0.831,34.0773,34.0749,1.1942,1027.9704,1027.9685,1483.17,1483.17,0.0000e+00
288.000,7.2411,7.2415,3.479294,3.479184,0.8602,285.559,0.841,34.0777,34.0762,1.1937,1027.9761,1027.9749,1483.16,1483.16,0.0000e+00
289.000,7.2343,7.2359,3.478787,3.478721,0.8591,286.549,0.853,34.0784,34.0761,1.1937,1027.9822,1027.9802,1483.16,1483.16,0.0000e+00
290.000,7.2327,7.2326,3.478682,3.478449,0.8581,287.540,1.022,34.0783,34.0759,1.1897,1027.9870,1027.9851,1483.17,1483.16,0.0000e+00
291.000,7.2338,7.2345,3.478769,3.478625,0.8568,288.531,1.274,34.0777,34.0755,1.1807,1027.9909,1027.9891,1483.19,1483.18,0.0000e+00
292.000,7.2227,7.2181,3.477836,3.477666,0.8562,289.522,1.477,34.0780,34.0807,1.1760,1027.9973,1028.0001,1483.16,1483.15,0.0000e+00
293.000,7.2114,7.2196,3.477099,3.477177,0.8549,290.513,1.595,34.0806,34.0734,1.1714,1028.0055,1027.9987,1483.14,1483.16,0.0000e+00
294.000,7.2270,7.2280,3.478351,3.478234,0.8532,291.503,1.613,34.0785,34.0762,1.1652,1028.0062,1028.0042,1483.21,1483.21,0.0000e+00
295.000,7.1445,7.1436,3.470821,3.473835,0.8524,292.494,1.513,34.0770,34.1109,1.1671,1028.0216,1028.0483,1482.91,1482.94,0.0000e+00
296.000,7.1015,7.1191,3.468034,3.467509,0.8517,293.485,1.221,34.0885,34.0654,1.1693,1028.0414,1028.0207,1482.77,1482.81,0.0000e+00
297.000,7.1885,7.1875,3.475276,3.474835,0.8503,294.476,0.690,34.0814,34.0775,1.1499,1028.0277,1028.0249,1483.11,1483.10,0.0000e+00
298.000,7.1903,7.1482,3.475115,3.472812,0.8441,295.467,0.681,34.0773,34.0937,1.0836,1028.0288,1028.0478,1483.13,1482.99,0.0000e+00
299.000,6.9914,7.0134,3.458417,3.460902,0.8365,296.457,1.235,34.0905,34.0960,1.0398,1028.0726,1028.0737,1482.39,1482.49,0.0000e+00
300.000,6.8946,6.8873,3.450013,3.450406,0.8309,297.448,1.538,34.0935,34.1050,1.0199,1028.0934,1028.1034,1482.04,1482.02,0.0000e+00
301.000,6.8661,6.8435,3.447780,3.446411,0.8261,298.439,1.676,34.0967,34.1041,1.0058,1028.1045,1028.1135,1481.95,1481.87,0.0000e+00
302.000,6.7885,6.7737,3.440969,3.440751,0.8221,299.430,1.691,34.0982,34.1104,0.9997,1028.1212,1028.1329,1481.66,1481.62,0.0000e+00
303.000,6.7596,6.7610,3.438845,3.438591,0.8183,300.421,1.560,34.1030,34.0987,0.9957,1028.1337,1028.1301,1481.57,1481.58,0.0000e+00
304.000,6.7595,6.7643,3.438834,3.439130,0.8141,301.411,1.191,34.1024,34.1009,0.9914,1028.1378,1028.1359,1481.59,1481.61,0.0000e+00
305.000,6.7483,6.7469,3.437938,3.437709,0.8085,302.402,0.611,34.1032,34.1020,0.9894,1028.1445,1028.1439,1481.56,1481.56,0.0000e+00
306.000,6.7381,6.7394,3.437172,3.437122,0.8026,303.393,0.756,34.1043,34.1025,0.9857,1028.1514,1028.1498,1481.54,1481.54,0.0000e+00
307.000,6.7506,6.7454,3.438391,3.437567,0.8004,304.384,1.261,34.1049,34.1010,0.9787,1028.1547,1028.1524,1481.61,1481.58,0.0000e+00
308.000,6.7369,6.7296,3.437057,3.436833,0.7988,305.374,1.484,34.1033,34.1080,0.9732,1028.1599,1028.1647,1481.57,1481.54,0.0000e+00
309.000,6.7109,6.7094,3.435070,3.434793,0.7968,306.365,1.546,34.1067,34.1051,0.9669,1028.1709,1028.1698,1481.49,1481.48,0.0000e+00
310.000,6.6969,6.6906,3.433795,3.433600,0.7955,307.356,1.473,34.1060,34.1102,0.9634,1028.1769,1028.1810,1481.45,1481.43,0.0000e+00
311.000,6.6768,6.6753,3.432245,3.431938,0.7936,308.347,1.286,34.1084,34.1065,0.9599,1028.1861,1028.1849,1481.39,1481.38,0.0000e+00
312.000,6.6736,6.6676,3.432025,3.431326,0.7917,309.337,1.052,34.1087,34.1069,0.9560,1028.1914,1028.1908,1481.39,1481.37,0.0000e+00
313.000,6.6675,6.6666,3.431550,3.431427,0.7898,310.328,0.843,34.1090,34.1085,0.9535,1028.1971,1028.1968,1481.39,1481.38,0.0000e+00
314.000,6.6429,6.6484,3.429515,3.429504,0.7873,311.318,0.381,34.1104,34.1049,0.9508,1028.2062,1028.2011,1481.31,1481.32,0.0000e+00
